2
257
1156
646
1546
1424
1746
1812
153
795
157
351
1122
1894
1832
1074
1646
1967
818
819
884
1783
824
1209
827
189
1918
1471
2
5
898
1041
23
1304
289
1670
806
553
1580
570
1290
1346
69
1870
1615
1880
862
95
97
615
1130
1644
1904
1395
191
129
386
139
1858
1422
399
1436
325
1190
1968
175
198
463
335
1503
494
1271
255
1286
1036
275
281
1565
1567
34
1323
1630
479
823
1081
1854
1087
1091
74
1034
854
1111
1850
1809
1399
632
1145
381
1577
648
137
1048
878
165
1462
185
188
192
1313
1983
1232
1400
1752
297
480
1465
1062
1414
1576
1781
382
249
1555
73
1116
1636
1043
639
140
1184
676
178
1216
738
1559
1917
1264
245
253
254
779
278
1330
1344
1365
857
858
216
58
874
1085
379
1404
397
440
469
1586
1011
500
1525
1017
1030
1045
557
589
90
605
1727
1246
794
290
1343
1676
855
1387
911
1689
1434
1437
1444
448
1480
1996
988
1667
1716
196
804
1398
948
