14
5378
3715
133
5002
2187
2959
3216
2904
2450
3988
1941
367
4636
1058
5276
1578
5165
2735
1844
2633
3643
2749
1675
4678
6985
7373
4563
981
4567
856
4450
5350
7400
1042
1134
2159
3568
6355
2421
2173
533
6658
5640
6060
14
2264
3088
1155
1300
3097
7198
1568
7457
6436
808
6956
302
5425
2101
3385
5692
2109
3649
3656
3170
2824
7248
4181
2137
7516
1374
5215
7011
3173
7784
3177
113
6007
7033
5498
6779
1813
386
7300
4231
3464
3211
6289
1326
5742
1279
900
1694
4255
667
4283
3497
5214
5717
2376
2226
243
6430
5743
7870
4031
6338
3781
2247
3532
3106
6607
1236
1752
1999
3294
7908
5862
4329
4843
2033
6132
7926
1787
4095
1059
7207
2095
6208
3137
1093
1095
7241
3147
3175
7301
5281
4280
5316
1231
5667
3284
2267
4340
2312
270
3355
6431
6433
6439
7465
301
4403
3383
1930
323
324
2379
1356
1000
1370
6495
7520
4459
3440
4475
5509
3466
4492
3471
1436
4532
2490
3516
1469
2867
2501
7624
2518
7641
4574
503
6649
4605
511
7681
532
6683
6691
4645
6708
94
4670
1601
578
2627
2635
3660
6747
6762
619
7792
4722
7797
3720
6797
2706
7791
673
681
5804
6839
700
4804
725
5858
745
753
3826
5880
5882
2814
4868
3859
6935
2840
793
7962
799
4901
7978
2863
2865
7987
7995
1858
3925
3933
4977
1908
2940
898
6021
2966
6045
4015
4039
6092
7119
977
3035
4061
3043
3044
3048
6130
5125
4105
6159
7201
7205
6184
7217
57
6202
6212
6216
2144
187
7268
7280
7284
4214
2168
7302
7315
3551
7193
6852
167
4271
6323
2078
3256
1209
2234
2266
220
4320
2279
5357
2088
2295
7421
1283
7429
3340
296
1135
336
6499
2407
4457
3434
381
3458
2438
5511
1421
413
5981
2474
1455
6387
4536
5364
4549
1273
4570
475
1503
5600
6224
6627
485
4585
506
510
5646
1561
550
4872
4622
906
4696
4697
5726
3680
3686
4199
4720
6772
1661
6782
6783
1664
2689
5153
680
2741
1723
707
2761
5240
5583
749
7923
6784
641
4873
2854
5937
6953
813
1840
4940
2020
4962
1169
1900
2365
885
2934
2936
4988
4989
7038
913
5021
4668
1955
2989
949
841
956
958
1157
6090
985
7130
988
6112
3545
4070
6123
7157
7165
6150
19
27
6188
2057
4186
2169
2416
4266
1054
4278
2253
2257
6378
236
2315
4370
6420
6897
6534
2388
2393
2395
349
6512
2417
370
4479
4496
2471
6573
4526
6577
444
2504
457
4556
2527
490
6635
2556
4608
6686
2592
567
6737
2656
4708
617
620
2677
651
2745
3191
2769
6877
4833
6886
2822
2879
6998
2903
2932
4995
7046
7047
908
2960
933
7324
5034
5040
953
5829
3064
6655
1022
5128
7182
7195
7200
3126
1091
5198
5203
7265
1128
5239
4628
3217
7357
6688
7362
1240
5365
3320
7425
7452
3373
5909
5450
5467
3183
2281
7577
7621
7623
5589
3547
7644
5608
6865
7663
1521
1529
1549
3605
1569
1571
3678
3646
1650
1658
6080
2715
7831
7836
1705
3763
3776
3626
3851
5927
3886
7986
2701
4154
5974
3958
1916
1919
3982
6038
3999
4084
2010
4066
4660
71
4228
4234
156
6365
6400
6401
44
7560
6535
2451
416
5674
2461
2485
446
4551
2509
486
553
6702
569
584
2728
4827
4858
2828
4933
2899
4581
4973
894
4991
5058
982
5121
5124
7219
1142
1177
3235
5315
1230
3326
5397
7456
6705
1383
7568
5525
1435
7607
7617
5584
3672
5748
7848
3779
7880
4398
3878
1924
1927
6059
2082
4158
4170
4178
6841
6286
152
2258
2357
6456
4418
6354
2593
2722
759
2815
6957
6958
4925
6982
6993
489
907
7083
993
3082
5166
5175
5256
5329
7409
5402
218
5406
5441
6391
6051
7676
3584
7701
5687
3642
2665
1309
1739
7890
5866
4736
7955
7956
6009
6032
1957
1964
6091
4091
4229
4230
6517
6357
6527
2317
6416
2347
398
399
404
420
6566
2487
6617
647
6819
2725
752
3892
6972
832
855
7245
5261
7320
1212
3272
7371
3319
7443
6368
5465
1382
2292
5580
7650
7712
5683
5698
5767
1700
3821
1918
4247
2162
6309
2419
516
4701
4794
2763
786
4984
3020
1261
1037
184
3308
211
3473
3504
7861
7796
3786
3966
4006
4156
2121
4184
6481
393
2489
468
2643
2759
470
1100
4879
3356
3973
3382
1378
2284
1454
390
7695
1651
7867
7873
1942
6043
7363
6172
2063
122
5596
2208
4311
6569
2119
477
1121
6832
794
2190
862
971
3271
3291
1338
1477
3543
605
4486
3870
7478
3914
1932
4267
227
4444
4555
89
546
4686
692
715
914
950
5250
4638
2505
1410
1396
5547
5774
7790
1847
3962
7844
38
4447
6520
6526
2456
4507
4572
2552
576
6736
646
4785
2751
6894
817
2873
4235
3554
7063
7084
7109
3180
5318
215
4003
5586
5612
3574
5702
5710
3726
1697
7850
4274
1859
5433
4005
6058
3067
4104
4279
6390
4387
465
4577
541
6786
800
7012
4969
2954
2995
7179
3154
1115
3171
3300
3332
1293
7449
5418
3376
1208
1538
5759
3739
1702
3792
3936
1904
6065
6135
2079
2736
100
126
162
2293
2773
327
2436
2647
2669
649
763
6979
5098
5182
2925
5340
6028
7564
5530
1494
5644
7693
7918
1828
627
6145
67
6243
129
5157
357
3481
424
7846
6808
6966
7174
5132
5148
3156
7290
2558
2243
1949
5291
3264
3286
4307
1330
5469
1398
867
3518
1511
7656
272
5745
3260
7840
5798
1649
5806
5815
5916
5951
1869
5966
5977
4002
36
4162
4253
2237
2286
6554
2524
4603
2603
91
6870
6882
2803
4854
6932
811
820
1504
6266
7072
7093
1026
1159
6684
5337
7202
7036
5372
3360
3368
3414
1381
5480
7552
1556
1605
5739
4717
5795
3764
1952
4021
4295
6125
43
4221
4240
263
276
4381
4462
507
678
688
704
4806
4861
798
4913
4914
4985
1111
5442
5476
5499
1513
1570
5715
5773
1709
1783
5956
5962
1874
1895
6422
6425
2332
2535
2614
6716
2642
2664
2699
2732
2739
2753
6605
5550
6997
3341
3349
1925
7473
5434
3498
3542
7696
7776
3748
944
7884
7898
7953
3941
4036
4144
4409
4538
4562
4604
4624
579
4700
670
698
4860
5001
5066
5111
5141
5227
5247
5459
6389
5650
1576
5690
5788
1763
2080
2177
2181
6321
6548
6559
2499
6616
2554
6664
2624
6771
2784
7095
1866
7112
3090
3128
3176
1220
7331
7393
4663
7548
7565
3482
3628
3632
7780
7781
6106
7975
4108
4148
3424
4164
369
783
4800
4908
1008
1062
5161
5167
5184
1106
5209
5354
1312
1328
5455
5496
5526
5601
2343
199
1920
6144
1710
2185
6325
2236
6341
758
7578
6434
6489
2503
2586
6764
6777
2750
3193
2778
7049
3001
3129
526
3230
3254
3277
3315
3322
7513
7546
3521
3592
7925
3905
3963
4115
213
245
4422
4657
4753
4842
771
4871
4980
5008
5016
967
973
5112
5116
5174
1084
1085
5284
2942
1206
5390
5534
5623
2304
5675
5696
5821
5067
5069
5850
1765
6052
6088
6143
2074
2172
6301
2214
6347
6370
6423
7222
5859
4855
6551
6661
2581
2596
6742
6595
6805
4564
7015
2921
7029
2980
3014
3070
7187
3098
7206
3118
7360
7306
7323
3258
7528
3523
7699
7767
3778
3876
7990
3947
1345
7032
4032
1527
4909
4182
241
4358
4379
4394
4499
4588
4591
4593
565
635
4779
118
741
851
4970
901
5026
5042
5059
5075
5235
1204
5356
5429
7273
5544
1467
5578
7076
5594
1781
1868
1914
6047
2001
6223
2342
2363
6462
6463
2370
6479
2469
6572
2517
6681
6731
6775
2708
7289
6888
1594
2926
7045
7057
6648
7172
7350
3151
3232
3239
7352
7453
3556
7737
7787
7826
3803
4109
4122
4141
46
4155
4157
4239
253
255
312
4478
4531
560
577
4687
4707
4740
4832
4884
833
4998
984
990
995
1038
1098
7022
5347
4316
5468
5520
1654
5769
5775
5801
1706
1712
5888
1800
1679
6046
1977
2042
6464
2420
2523
2693
6798
6904
2970
2972
7069
3021
7258
3222
7347
7463
7555
3491
7685
1282
3709
3759
7949
7951
7958
3863
7472
4054
6821
4137
4210
4293
203
221
4438
4442
4579
523
4746
4967
887
5030
1077
7947
1183
1377
1463
1638
1717
5831
1833
5931
5941
6017
2030
2044
6209
2216
2330
5867
6562
3827
6604
2574
6733
2714
6898
1151
2831
2845
5943
3133
3159
3194
7882
3327
3337
7450
7529
3479
7576
7591
7659
3609
4018
709
107
4454
421
479
4594
695
723
4978
911
5099
1097
1334
1526
5770
1807
61
6067
6074
2015
6179
2153
2341
2354
6451
6630
2536
6633
478
495
7230
5304
3224
7341
3296
6026
7633
3561
3594
7710
3667
7845
7852
3844
2857
3940
3985
4215
219
4386
4467
143
2897
1127
1171
5290
5333
5339
1320
1335
1347
5451
1373
1404
4332
1449
1456
1466
5686
1592
5750
1761
5985
3885
2005
6241
6262
6326
2352
4489
2396
400
1770
6646
6695
2609
2588
542
3463
5305
7883
4904
3976
4094
141
225
4522
4547
499
4601
5551
735
806
4943
5212
1228
5362
1385
5528
5768
1825
2149
6276
2210
2256
2478
1310
6609
6656
6758
6813
6834
2864
4190
7070
3047
3179
7338
3307
3335
7535
1267
3617
3619
3670
1978
3701
3730
3799
7937
3854
26
4067
6115
6302
2826
7477
7835
4043
