6
439
1040
257
2056
1547
258
14
1551
16
529
1043
1561
26
1181
2076
30
1567
1570
1572
39
2088
44
1202
560
561
1586
691
57
63
1088
585
587
77
1617
594
1621
598
185
1114
2063
1116
954
1630
1631
1121
699
1126
1127
615
786
623
112
1653
1657
635
636
1149
128
641
107
1671
651
654
655
1680
658
1686
663
154
1050
1184
161
674
1187
676
1701
1192
169
172
1197
1199
1200
177
1714
1715
1097
457
1721
1211
1212
1214
703
705
194
1643
1221
201
1738
203
1229
1743
1745
1746
1747
1748
292
1242
719
734
976
1254
1770
235
1773
238
752
1778
1780
1713
250
764
768
769
1794
1796
1798
1665
983
268
1805
271
1810
1303
1412
795
287
1826
1243
1828
1073
296
298
1836
1325
1838
818
307
2073
1333
1848
820
314
1339
831
2087
1163
324
1351
1356
847
855
1368
860
1373
350
485
864
1889
1766
1382
875
365
883
884
888
891
380
381
1785
895
1408
385
898
1924
1413
1415
1416
1421
1939
1941
1599
900
1436
1690
926
927
1264
930
421
423
1948
426
1863
1966
1693
948
1463
440
1977
1978
1984
969
1484
973
1793
1311
977
1492
1495
1188
2010
987
933
2017
997
1514
2027
1004
493
1575
1014
511
2041
1530
1019
1533
2045
597
2049
2050
1029
6
2058
1048
27
1055
32
2081
36
2054
2086
1065
43
690
1072
697
93
869
98
101
104
109
110
120
1160
1218
143
148
152
1203
189
885
196
1224
1226
216
217
1248
225
1251
233
236
240
1284
1884
267
273
278
284
1326
311
318
340
1366
1081
356
1385
373
1417
395
396
1424
1432
1433
420
427
428
429
431
1458
441
443
1441
1488
470
475
478
1506
1687
1523
1537
1541
1546
532
533
563
571
574
1601
580
588
1616
1619
1623
1629
1633
1652
1663
1673
1133
1685
1692
672
685
687
1712
704
709
710
717
726
1754
1755
1756
741
747
125
1790
1795
775
1800
2007
788
1817
797
1017
802
821
1846
827
1859
1861
1866
1051
851
1893
874
1907
1342
887
200
1921
1922
1925
907
918
919
1956
157
946
1972
1973
955
959
974
975
989
992
993
2023
1001
1007
21
66
1094
106
1143
1147
132
140
1177
156
1186
1225
1909
1217
1234
37
1062
1266
724
275
282
219
304
1329
1330
1359
343
229
1390
367
1393
1087
1504
497
1532
1550
536
549
1580
595
614
617
621
627
646
1647
1699
509
686
772
1598
1813
1816
794
1827
1865
857
858
517
1897
1904
1292
1404
928
931
1916
970
1090
2039
2046
12
50
1110
1208
1230
228
325
1381
1032
1423
1434
412
456
1497
1526
540
1614
631
679
1729
743
2036
211
243
244
2089
1499
