6
3200
5314
5722
2796
1544
4652
4426
4087
4945
2514
2836
1237
1814
282
6362
5344
2979
4516
1105
5996
7549
7194
5577
2681
1276
1341
4799
7426
7684
6
7
7468
5131
7446
2075
1824
262
298
4103
5423
4934
2631
7496
6735
1107
5975
4441
6328
4956
6504
4458
2158
4464
1896
7283
7286
3448
6164
6780
5503
7061
151
4504
1434
4764
3741
7328
929
676
1948
5039
6833
691
4396
6581
7094
6071
952
5563
3004
7614
7105
1219
4038
2248
7627
2760
7278
7886
2000
6867
7385
731
2782
5786
4325
6118
1258
750
3057
3829
1271
249
250
508
4093
3838
6657
7683
3087
3603
6168
7197
5662
6178
3334
1201
561
2104
1082
779
2117
582
6729
6218
6225
7252
7766
4695
6753
4539
4205
1144
637
3201
7305
1677
5776
6802
3219
4757
679
2077
690
697
630
7116
718
1912
1234
3812
5863
3314
1281
2823
1068
7435
3344
2325
7959
792
2849
1317
1832
7343
299
419
4404
7992
2367
3403
850
340
4836
3813
3221
998
1389
829
4169
6873
2055
3306
382
6015
4309
7563
7056
1343
4502
497
4679
7085
7511
1476
6602
5367
460
2385
4050
931
3833
6727
79
1501
3552
5607
6908
3562
7927
4862
502
2039
2557
4100
6153
5138
1049
4153
7233
4176
85
2136
1125
106
7188
6847
1164
1173
2200
4263
182
4284
4301
7375
212
3316
7417
259
6404
7458
7497
3411
1367
5470
3431
6524
1406
2435
5514
6544
3478
7580
3496
2483
6900
7611
2512
4568
2127
2298
7040
3571
7668
3329
6666
3599
6673
5654
3616
7715
4650
3638
5691
4673
5700
6725
7752
607
6763
1555
4724
6785
644
5771
4748
3013
2723
677
6858
2765
1743
4824
7632
4835
2684
1804
790
6960
3893
4924
1854
6624
1865
845
6996
1899
7021
7026
1015
2348
889
7487
2944
6020
3984
1176
5020
5037
7092
4598
3026
5086
6131
7508
7162
3095
4124
5149
1774
1064
1714
5190
86
1123
6257
874
2174
1172
3237
2590
5310
1250
3302
3452
210
3312
4337
2771
3359
2260
999
4420
1590
4466
4470
2446
7570
1429
580
3321
7585
7601
6388
6187
3553
7686
599
4621
6703
6709
568
6714
2630
596
6741
6744
2649
2697
7823
3354
5794
7858
441
717
4355
2795
5869
1779
4765
2819
3855
5906
2788
1817
814
3247
1882
3727
4965
2922
2928
890
1923
1633
5029
4027
1983
6096
986
5797
5090
337
1943
4126
6181
41
4172
103
140
6174
4285
2239
6360
4321
2285
6384
2322
7900
6469
6883
356
6501
2798
414
4512
4541
456
2124
2812
498
540
2639
2668
1810
2493
643
6795
6829
6838
4811
4828
740
4840
2841
2852
812
6981
7082
3003
962
3012
3077
1046
5150
7211
5173
5274
7365
1232
1245
5342
5374
1340
7392
3428
1254
7526
319
7543
1405
3469
4677
3495
7595
7628
7694
260
5668
5677
7727
7731
3645
3679
941
1653
7761
3734
965
1756
7931
1793
5929
7980
5940
5945
5982
3952
3955
6011
6025
4004
5249
5727
6133
21
42
4147
105
4257
2235
2275
6377
2319
6531
4380
4391
4400
313
4432
6486
2422
452
4614
4615
545
608
6770
2679
6816
4456
6872
6912
2891
2931
7043
5033
5035
7667
2997
3036
3109
7210
3132
6039
3195
7295
1156
1170
3227
7330
5300
3261
3279
2943
1339
7491
5474
3444
1418
7586
1493
3573
4692
1533
1557
601
7709
2310
3630
7770
1634
3711
7809
5762
2671
3744
5808
1719
3772
5847
3809
7916
3850
1805
5904
5713
7985
1850
5955
3923
5988
3965
6024
1355
2012
6110
6166
23
4048
6247
131
6359
2269
6408
4402
5466
1772
4503
3220
3835
504
521
4735
6846
2832
5257
2933
7062
919
7066
3007
6987
7111
1021
1060
3114
1131
7296
5287
7359
5326
7386
5351
899
3418
3427
3457
1465
1468
1472
1656
5854
3713
5763
3907
4026
6928
2017
2165
2205
2085
265
4363
2333
6472
4582
5543
505
4698
5204
4769
4790
6885
4883
1099
3161
1255
7460
5440
3399
7512
1375
5482
1387
3462
1446
1452
7609
5572
7665
600
7723
3689
7804
3724
6367
1791
1867
2034
31
2147
101
4216
6342
234
261
2349
341
6511
440
6598
2511
6564
7267
6760
629
721
2786
6911
2829
4891
6978
4330
3083
3587
5246
7310
7340
1566
3318
3338
5396
4314
7554
3934
583
5395
1727
7269
5876
5999
4078
4111
16
6161
2135
6258
4290
4291
2337
4412
4449
3524
686
710
809
2881
2946
934
2988
2993
3085
5297
3351
7610
6417
4376
7888
5924
1851
7999
1950
4421
2026
2043
2197
28
278
2463
2632
615
2680
6936
2766
738
2945
5017
2978
1090
7311
3223
4336
5323
7374
5393
7527
5537
7657
1523
5720
7811
3397
4737
1495
4319
5443
6339
1986
2115
2166
6167
228
4659
2709
4784
4788
780
4963
5963
6296
3018
7166
5194
2263
7655
1528
5695
271
7099
3714
1660
3708
6121
2106
65
6274
2180
6476
6811
6608
4898
4912
6962
139
2976
3027
1005
3120
7304
5312
3451
5569
5756
1624
1678
5024
4069
3614
4204
4303
2272
344
6533
6696
3790
6895
4915
4917
3207
3987
5524
4693
1635
3705
1707
5816
7974
6226
121
6297
6353
5178
4473
6594
6651
772
2847
915
5077
5119
1188
7337
7437
5414
5457
7414
1349
3732
6426
1715
5828
3125
3980
4763
4151
2220
6446
2103
4543
6711
575
711
7145
7148
1117
3192
7327
3246
3274
4747
7747
1789
2655
406
1966
4081
2217
7505
2868
7064
5070
3127
7756
5398
6945
4728
7906
3387
6042
6306
4669
2658
4209
4983
2973
3304
5475
4888
7584
3527
3589
5642
3612
3636
7745
5651
1784
5892
1972
6269
24
4264
2397
2406
6634
4685
6748
2712
6848
1110
1136
1213
5325
7436
1391
7582
1546
7735
5701
5048
1981
2120
2299
6453
739
2399
2434
4525
6650
2565
4647
2740
3775
2839
6995
4955
2918
976
3244
1076
7292
5265
5282
1210
1233
5293
7427
7454
5555
1292
7828
1695
3760
7885
947
2705
4022
4079
4110
4448
4856
4927
1088
5286
5348
5529
1531
1607
1614
2196
2362
6493
2547
6701
7034
7098
3287
7420
2608
3572
3843
4023
4092
4372
4408
430
4589
4808
1014
1051
1395
5877
330
2072
1023
6219
6412
4664
7654
1299
7933
4227
134
136
254
4360
4529
614
654
3435
926
5100
1211
1681
1733
2152
2307
6488
6582
6974
3019
7168
3149
7253
3273
7382
7664
3669
4732
1875
7173
6271
5142
2636
7113
7231
7369
7704
7841
564
5183
1401
5552
1543
1585
1689
5907
5984
2268
2468
2621
2670
3140
3150
2577
7322
7492
7635
3620
3749
1461
5610
