4
2048
1024
1026
1195
2052
5
8
1035
1036
2061
15
2064
2066
19
2069
22
2071
28
1983
41
2090
45
2098
2099
1077
1079
56
1082
59
1084
1085
64
70
73
74
1207
76
1101
79
80
82
1107
1878
1109
1118
1122
1125
1129
1130
108
1042
1135
113
1760
116
118
1144
121
1146
123
1148
1150
1153
130
131
1158
135
139
141
1169
150
151
1732
155
158
160
165
1190
167
168
170
171
173
1198
176
178
1204
1205
182
183
184
1209
188
193
1739
1220
1740
1822
1231
1232
1235
1246
223
1644
227
1262
239
1265
1269
1270
247
1273
251
1276
254
255
1280
1282
1285
1287
264
2093
1296
1297
277
280
281
283
1309
1310
290
1317
1320
1323
1324
1074
302
1757
305
306
1334
1247
316
1341
321
1347
1349
1354
332
333
1358
336
337
1362
1363
1365
1367
344
1369
352
1377
354
1379
358
361
1386
1388
1392
369
372
1401
1403
1405
1410
1411
388
392
398
400
403
408
410
411
413
1548
1440
1435
1448
1454
1455
434
1461
438
445
1174
1472
450
1475
1476
453
454
1481
461
464
1494
1498
476
1502
482
483
484
1511
490
1106
1518
1521
498
1524
501
502
505
506
1791
1535
512
1539
1545
524
1549
530
1559
1560
538
1947
543
1569
1571
1573
1574
551
1577
1578
555
558
1584
562
1590
570
572
577
1602
1724
582
583
1609
1611
591
593
1554
600
1625
1626
609
1636
613
1639
618
620
1645
1981
1649
626
1811
1654
632
634
1659
1660
1642
638
640
642
647
1672
649
1676
1677
656
1681
1688
1694
1697
1698
1307
1700
1703
681
1709
1710
688
1717
1080
698
1723
700
1725
1731
708
1734
711
714
715
716
1485
721
1797
729
730
1658
1758
1759
736
739
740
744
745
1771
1887
749
1779
1764
1783
761
763
765
767
1664
770
773
774
1801
1803
781
783
2008
787
1815
798
801
803
804
1500
815
1845
824
1850
1851
1852
1853
1854
1856
1833
1860
837
838
839
840
842
1867
1869
1165
1872
1873
1876
854
856
863
1891
870
1895
1768
878
879
1906
886
890
896
897
1155
901
903
906
910
1517
914
1942
1944
923
924
1950
1953
1955
1862
934
1959
938
939
1361
1864
949
1974
952
1191
1525
960
963
1989
2018
968
1994
2000
2003
980
982
1529
984
990
994
2019
996
999
1003
1005
2034
1011
1705
1016
1194
4
29
34
2094
55
69
90
102
149
163
174
180
209
212
218
222
226
266
269
272
285
303
317
323
334
346
353
355
359
370
382
387
391
397
415
418
435
447
452
460
481
495
507
526
535
546
554
575
608
633
652
660
662
671
673
677
682
701
727
742
746
25
757
771
807
809
811
816
822
833
859
881
889
894
905
909
917
940
957
979
1012
1013
1022
1038
1049
1056
1059
1060
1070
1083
1091
1100
1105
1119
1124
1138
1159
1161
1162
1164
1255
1260
1277
1286
1294
1295
1301
1302
1318
1337
1344
1375
1406
1426
1439
1459
1471
1473
1490
1505
1507
1534
1540
1565
1597
1600
1605
1627
1640
1662
1670
1695
1707
1708
1716
1728
1741
1752
1789
1812
1823
1841
1857
1871
1902
1908
1933
1957
1962
1968
1985
1988
2004
2014
2020
2031
2035
2037
2038
2047
371
542
