37
2176
6913
258
7237
2129
7379
6621
3486
159
2145
7714
4518
2855
4583
6706
5983
3761
5426
2885
4471
7889
2107
2054
7297
2306
145
2835
5268
2969
2460
2975
5152
37
939
6445
6070
1600
5574
1483
4429
2466
2896
6098
7636
2391
3684
5638
878
2131
4146
6653
1535
6916
7950
557
5657
5930
1584
7476
7810
6718
2372
2629
6222
3415
2654
4961
3943
5224
2791
4465
2154
642
618
5510
6793
918
1175
432
2228
7103
3265
3268
197
6087
3530
3362
5328
6101
2007
3621
481
6884
2789
6647
2002
1269
3830
7159
3074
1032
2569
3122
6722
5705
5706
1623
6766
7285
1659
5051
1680
3950
5782
665
1190
7356
703
5825
5327
5841
3285
736
238
239
6910
7935
3849
5900
4367
7982
280
6944
290
5411
6952
2350
1842
7488
355
1380
1393
1409
3535
2025
2727
6141
2564
3597
5135
1047
3103
4646
3673
95
6320
2282
3880
1747
3369
2869
328
3422
7537
6515
574
7557
3975
2971
1439
7589
974
2028
595
6922
4373
2843
