0
209
235
1284
1800
265
778
1803
1293
400
273
530
976
1356
1433
159
32
417
809
1450
1324
1710
816
307
574
1345
1730
1862
967
841
631
588
1101
727
1359
1488
81
739
597
482
599
1498
1499
762
1119
1872
1890
1507
1509
1126
657
1384
1641
231
238
1512
741
1012
869
1912
1786
720
1493
0
11
1040
540
688
1570
1969
556
51
53
1594
1631
1604
1606
72
1102
1618
1107
1622
1112
601
91
1117
624
1138
1651
1140
1142
1666
1669
647
1160
891
1165
656
667
156
673
164
167
684
1523
176
1713
1714
1204
694
1210
1723
1734
33
1736
1739
208
722
1748
1237
1755
1764
1253
232
234
1267
756
1321
765
1791
1281
1285
775
1295
276
791
792
1310
1316
1829
1319
1839
305
313
1340
317
1855
835
836
737
1864
1358
847
851
340
1368
1369
1370
1239
1382
1896
402
369
885
374
1598
383
1920
831
1924
389
391
1931
1421
1426
919
926
932
668
1452
1455
584
1458
1971
1461
438
1464
1990
969
1068
972
461
1613
466
467
593
489
1514
975
496
1363
1524
477
119
508
1962
1535
1024
1038
1046
27
1058
1059
39
1073
1090
70
1099
79
1109
99
1124
1127
1128
122
1153
1154
132
135
1162
550
1168
1170
1171
149
152
1177
154
1179
160
1915
184
1211
1217
197
1225
1227
1228
1897
1233
1238
215
217
226
1251
233
252
272
280
1311
299
309
318
1353
1763
347
1379
366
1391
1392
1397
1402
380
388
1416
1943
580
408
1438
1439
421
437
1463
49
455
1496
473
1501
1504
1505
1516
502
503
1529
506
510
1540
522
526
535
538
431
547
1573
1574
555
1581
947
1590
575
1605
608
609
1637
620
1664
1674
655
1688
1693
1699
1700
689
711
1749
1759
1760
1768
747
748
1778
1784
1798
783
787
793
803
1835
817
1846
826
830
1857
1863
840
1873
1883
1900
881
892
901
321
1930
1937
914
1946
924
942
945
100
963
984
997
1575
1013
1021
1023
3
1042
686
26
36
1069
46
55
1097
84
1125
106
1131
112
360
1148
127
1155
1166
1167
145
162
1202
1203
1219
222
225
237
242
1270
248
259
263
264
279
1307
311
1350
327
336
1374
361
1393
376
1406
1410
1259
1427
406
1775
1441
418
419
1453
1460
443
454
458
1484
77
78
487
1517
83
1528
512
513
1544
1550
88
1557
1563
541
1569
1389
567
568
951
1612
1616
1619
1635
1297
616
957
1673
1675
1696
1698
681
691
1733
713
719
1754
735
464
843
751
759
771
130
1807
1810
1390
1814
1837
1842
649
1867
1882
144
1903
899
492
906
1940
920
1860
1691
939
1964
329
954
1980
1981
960
66
204
1992
1994
978
1530
990
991
849
102
64
94
151
177
182
190
201
250
291
359
367
392
472
483
490
497
511
529
531
544
545
595
606
640
659
660
671
701
724
725
728
736
764
766
801
815
844
871
900
909
998
1003
1004
1027
1031
1052
1095
1164
1183
1205
1206
1258
1318
1352
1355
1371
1377
1419
1467
1468
1486
1534
1538
1552
1633
1642
1652
1690
1717
1724
1731
1732
1738
1830
1849
1899
19
20
520
594
621
679
687
690
904
1000
1007
1022
1192
1215
1223
1241
1338
1408
1409
1448
1479
1485
1545
1593
1617
1632
1684
1692
1745
1876
1902
1905
1933
1977
133
287
398
528
542
678
723
755
789
1176
1367
1500
1686
1695
1851
1886
200
285
505
1951
