1
514
1451
1030
1544
1034
11
527
528
17
1555
24
1564
2077
1054
2079
544
545
1058
35
548
433
40
42
956
2092
557
47
1587
565
566
1591
1595
65
586
75
1104
1620
1113
1115
1628
94
97
1634
2065
105
624
625
1651
117
630
1151
643
644
1157
136
650
142
144
147
667
1696
1648
162
678
1706
1223
1196
1711
689
1213
1568
1825
1744
547
1238
1753
463
1244
1762
232
234
1259
753
1787
1792
861
1799
265
780
1806
1581
1808
1298
1299
276
791
1819
1308
1313
1315
295
299
813
648
819
828
394
830
1346
1355
1868
1357
850
659
341
345
348
1885
1886
1380
1894
872
1900
1000
1171
1683
1397
374
489
893
492
1930
908
2029
404
1430
1445
935
1963
1453
1969
1971
1462
1583
1980
1469
1982
1474
1099
1480
1482
459
462
1487
978
473
477
2021
2022
1384
2024
1513
2028
289
1008
500
2042
1531
1
1027
1039
2068
2091
2096
1078
60
10
1095
84
85
1123
103
1131
1140
20
1154
1172
1176
1180
1183
1185
164
1222
1193
179
186
31
1219
197
198
1228
207
1239
1240
1250
1252
1257
237
451
1064
246
249
1274
1289
215
286
1314
1322
1327
1328
1332
309
1589
1350
328
330
335
1371
357
401
366
1391
1256
1399
376
1258
1407
386
389
390
393
1261
1425
1428
417
422
432
1465
1468
467
471
480
1509
1512
1516
513
522
89
1563
1457
1576
559
1592
1594
576
1604
581
1618
99
1624
606
611
616
619
1666
1678
661
1689
675
1832
1041
695
1726
1727
1730
1995
1735
723
1749
1761
738
1772
751
1777
1781
1786
777
785
1814
793
1821
133
808
1835
814
1842
1844
823
1855
1858
1870
852
866
871
1896
877
902
1932
1938
1943
922
942
943
945
947
1975
1976
159
958
962
1993
971
2001
2006
2013
991
1002
2033
1028
7
2057
18
23
1052
2080
2097
1076
62
2059
68
83
1134
1136
124
129
138
1166
1170
199
206
1267
248
256
261
1290
294
297
1345
1372
1376
1378
378
1409
1092
419
1444
71
442
1489
472
496
503
1542
523
525
1553
1557
537
1566
1585
778
603
607
1646
1650
628
1044
653
664
713
1742
291
1751
733
1769
758
1802
799
800
1830
2012
1840
1849
844
1882
868
1898
876
1901
882
892
1936
1945
932
1961
1967
967
1999
988
1018
853
1057
1103
92
126
2078
1283
262
2095
320
1353
1442
1071
1450
444
49
731
466
1510
487
972
553
1596
1607
1608
1466
639
694
1141
712
1750
735
750
1829
1834
829
241
1890
486
880
1915
1926
834
911
913
2030
347
941
950
953
964
1990
2016
33
1006
9
88
1182
293
1335
1025
384
48
1558
1952
1997
137
300
534
1874
