0
4353
4611
7044
1926
1801
6667
3856
4578
146
3861
2374
4632
3483
730
2718
5919
5915
2853
5672
6955
6107
7471
4275
7366
4173
3280
5210
1883
7522
2659
6162
4787
4469
7806
0
2053
1542
269
1812
3869
5083
1063
3113
5676
7221
3390
321
4165
1835
3662
2895
1361
7763
3924
1880
6652
4703
3687
1898
1426
2537
7800
5244
7805
7317
5505
2369
3465
2191
5245
610
7318
7321
5018
6556
7333
7602
1718
7866
6078
1215
1997
4817
7125
983
5237
6352
5095
3816
4073
3050
6183
7424
751
7155
3066
6396
3582
7246
5123
2070
3100
4138
3506
6192
5897
7740
7754
7261
6751
3683
6757
7270
6248
1130
3693
624
7802
5258
4251
1692
3696
1819
3753
4270
4273
5298
3252
4468
6335
6340
4300
2254
6356
2777
2779
3295
5787
3814
7404
7917
5363
246
761
39
5890
2821
6406
1806
7442
2850
804
5513
824
314
6623
3904
2889
2380
2894
4954
1359
7028
7030
7544
3961
3450
897
3459
2958
3116
912
3480
6049
7067
5446
943
1344
948
7110
5964
4046
5080
6111
7648
6632
4587
2066
6645
1909
2041
6148
12
3086
4099
4117
4131
7208
4145
7218
4177
6230
1118
4194
6244
6249
6256
5233
1139
3209
7308
6285
6307
6314
1199
1200
4276
6329
1235
2261
6379
4236
2089
7418
2320
275
7444
285
5412
3367
6440
6442
5445
6474
2390
1081
6514
2423
1408
5507
2454
1431
2458
4511
2472
1450
3499
431
4540
2402
4561
467
4174
5590
3546
3550
3559
4584
2300
5617
7666
5624
1537
3586
1540
517
4211
3608
3162
1573
7721
555
573
7749
1611
1613
6749
4705
3174
3346
6773
2700
4759
7849
5807
6845
6850
7164
5752
727
6880
2785
5865
1778
7934
196
775
1838
4916
3902
4929
3212
5971
860
5757
1905
4302
5269
6498
2711
7053
6031
916
1944
6041
6069
7115
4049
5074
6105
4058
6108
3375
3068
2045
7170
6155
514
7000
1069
3069
7232
7235
7247
4196
3204
1158
2599
5827
166
3240
6825
183
189
1216
6337
3269
2265
4315
233
3111
4651
1291
4369
5394
2606
4375
5403
4383
5410
5851
6438
6443
4415
4430
3407
6480
5458
342
343
6491
3423
3644
5522
1940
4474
4482
1423
403
6549
6553
3141
4515
7588
2480
7613
7616
4342
3529
81
5438
2576
2578
7087
6234
544
2594
5671
4654
3165
563
1598
587
782
5721
3515
616
2492
1642
1643
1644
3695
4721
7795
4089
3718
7818
7819
6806
3525
6826
4780
3757
2742
6842
4149
4803
7876
5832
2508
3793
2780
7903
1286
7909
5868
3822
1362
4863
774
776
6937
3873
7977
1836
1843
822
7994
7997
830
3722
311
2901
3215
5987
870
3951
2938
2246
3576
4999
2961
5275
372
4013
1970
5043
4025
6815
5055
960
4042
6100
6103
5087
7467
4072
4076
4077
5103
29
5
4136
50
4168
1298
4183
2143
110
158
186
2090
2311
291
49
4433
7566
2414
383
5527
6541
4495
6561
428
4530
2519
2544
1794
4869
2595
434
4667
2622
6726
2691
2696
6818
4782
6896
2804
4853
2808
6927
784
787
795
6943
801
2858
2877
4935
843
2912
2937
905
5014
936
946
2211
5101
5104
5122
3588
5155
2227
7229
5202
3155
5205
3164
1120
3214
2591
5313
7368
1227
5330
5371
1290
1304
2948
3366
1329
7498
5454
4237
1274
5502
3470
5521
1430
7606
3511
1769
5562
1470
5588
5597
1507
1619
7673
5666
1572
5849
7730
365
5699
3652
1667
7817
5772
1711
287
7887
5848
1753
1768
5875
3834
7128
5952
1890
6044
6053
1963
4428
2021
4075
2032
13
6158
2051
32
34
4180
6264
2240
6383
2775
4374
4389
2424
6532
2477
6586
5814
4635
4680
4776
4941
4957
2919
2930
7037
2957
5023
7075
3009
4942
3033
5088
7154
3062
5120
7945
4610
3108
5163
6680
7334
5295
5332
7461
3381
7391
2619
7538
5506
5512
1444
5564
3520
3548
7658
4348
3610
7734
7743
1617
3674
3703
3716
1672
7839
1721
7896
3025
1799
4063
3928
5992
1897
3972
3989
7493
7494
4009
6062
4016
6117
2035
2389
5805
2086
4051
4213
119
4226
160
2255
231
4345
274
732
363
6529
2448
450
4727
4745
2713
7965
6856
6879
2513
836
7059
3023
7140
6990
7183
858
3131
7294
1224
5391
7523
7547
1415
7572
1478
1520
4011
6871
1587
3664
3352
7834
5886
4008
7966
3377
5928
5936
7998
3910
3994
3055
5032
1960
1967
2003
2046
4096
123
178
6345
2273
229
6487
359
2444
6565
72
2506
2559
6765
4774
734
746
6984
7042
3073
3585
5162
5186
5211
5220
5232
5280
1218
547
4327
1451
1471
3522
6413
3682
5734
6874
3348
3712
5765
5793
7799
5419
7152
1830
3927
1922
6470
76
2133
6246
2164
138
248
6428
4382
2368
2401
368
374
4497
4535
461
6619
476
2530
604
4741
6861
6909
6986
7023
3570
3000
3011
7160
7161
1036
2189
7189
3105
3202
5309
5317
1238
1247
3309
1275
3330
7434
1311
5436
7507
2964
3500
1460
3343
7871
1738
5857
5415
7970
1767
6454
4413
4434
2405
4546
4887
2860
818
831
6755
4395
5036
6578
4848
7124
1013
861
5208
1149
7309
7813
6348
7402
1277
179
4994
1324
7480
7482
5570
1441
7594
3534
7643
5606
1515
5625
5632
5641
3675
3685
3767
1751
295
1776
7786
3853
5980
3970
6095
2036
4123
6475
2383
6483
375
2437
4565
4688
4702
636
6260
2862
2871
2874
2876
7001
7031
2539
7088
501
5064
3024
1108
1168
5322
1242
207
1244
1417
7773
1647
7832
1750
1318
7812
7979
5994
3956
4019
125
2069
132
181
5497
6385
2318
2486
6639
2612
2688
4751
1822
816
4918
7122
2968
5176
3152
3248
5361
7447
3472
6392
7708
7733
5760
2157
7107
7899
3758
7129
1688
7913
4250
4322
6466
4480
391
409
451
474
2533
3510
6229
2758
2813
6965
7178
1041
3115
3138
3142
7266
1187
7349
3262
1327
2611
1368
1443
1448
1487
6528
5598
5633
1599
3702
5842
3706
7944
1811
7973
5989
4012
6085
4637
4161
66
90
4222
4299
4343
427
438
5540
4627
4750
4964
923
989
5170
5382
1302
5413
1453
1597
1734
5834
1745
5957
1991
2065
2071
6220
7196
6382
2297
384
2429
2496
6576
6692
6939
6973
2892
488
3056
3198
3445
7545
3563
7803
7879
3862
655
4269
394
4809
5145
1253
5649
5781
1732
5944
3059
1990
6207
2359
2428
6778
3371
6831
6889
7039
3158
7275
7430
7697
7742
3774
3795
1323
3935
4191
4350
4452
4576
4602
4642
5603
5105
5637
5228
1257
5381
1541
5714
1722
6136
6139
6305
2221
2291
6407
6542
2453
6555
2488
6662
6854
7479
3567
3627
3725
5400
1314
3805
3872
7981
4085
58
4265
4542
4552
524
658
4829
951
5129
1102
5385
5477
2985
1547
5920
6048
1988
2170
6444
2382
6591
2502
2551
6964
7339
3539
7645
7874
3846
2059
4193
4310
284
379
429
519
538
659
694
4897
1087
1167
2244
1388
4410
1998
2050
6196
2366
6713
2734
2913
3533
3996
114
223
4349
4414
4419
4477
4560
4725
640
4971
5027
5071
1040
4292
1579
5735
5949
6068
2008
5137
6251
3780
6311
6213
6429
401
2425
6590
6697
2686
2974
3167
7383
7495
3590
7707
3639
3740
7893
3865
4024
4037
82
4252
40
4431
463
660
4791
4838
823
1061
1287
1325
5483
1432
1591
5914
1976
1980
6127
2060
2207
2373
6570
6603
2660
2667
6851
2781
6905
2825
2983
7134
7158
3091
7293
3363
7857
6787
8
4203
4334
4517
535
591
4730
705
821
877
4993
5060
6317
5517
1425
1548
5799
1749
1871
1936
6227
6232
6308
6318
5151
214
2651
7024
3053
7236
3160
3203
3704
7670
3580
7716
7957
3897
7996
3968
10
4167
4359
4411
518
675
4928
883
5052
5193
4966
5278
5320
1260
5360
1626
5783
5810
1802
606
5938
6268
6507
2449
6720
439
3169
3206
536
7377
7389
3396
7592
3566
3624
92
4220
4484
417
436
4616
4819
4820
4822
4958
4987
5108
5252
5554
5689
1621
5719
5954
1862
2013
6210
6409
6571
6580
2520
2646
2672
2768
2914
2920
7041
2952
7051
3028
6690
7827
7983
3983
59
387
537
5084
1045
5345
1348
5647
2992
1575
1609
5811
5812
1735
1742
1685
1921
1987
6421
2445
2465
2908
3257
3323
3336
3339
7768
3884
4175
4246
4397
4451
4816
5022
5028
5207
1248
5405
5535
5813
5853
5079
5933
3729
2384
6380
6750
6754
6791
6899
2851
5958
2984
3190
4634
7378
7605
3637
7851
645
742
402
2148
4710
4968
1052
1089
1196
1384
5541
1490
5741
1669
5912
1928
1992
2587
2598
6704
6961
2965
7065
7238
3181
7532
3437
3607
7432
609
7864
4766
902
5489
1447
6810
6640
7984
