10
1420
1098
1868
15
1936
1624
412
1566
415
1252
37
796
1191
1705
1383
1645
1865
1411
716
10
658
1063
1596
75
1106
1634
1893
362
1643
1005
1774
111
1653
1658
894
896
1878
1804
1299
31
1075
548
549
1066
1329
563
1844
57
1088
577
578
850
1366
358
1396
128
905
910
921
669
1955
1610
451
1247
485
1256
752
937
1788
1806
43
1838
303
67
1351
613
353
355
626
1655
633
1923
907
1135
166
426
1966
925
342
952
721
1236
1751
1828
286
1782
1018
1706
514
1542
554
1072
1077
1608
138
652
1680
1169
282
670
172
183
214
1240
746
1262
1265
1273
772
1306
301
1327
1336
838
845
853
1378
363
1908
1945
923
1957
429
1995
992
1789
1019
1032
16
534
536
552
56
1595
269
446
1137
1660
1661
1158
136
1987
163
1715
1231
258
912
1805
1836
306
1417
1337
837
1360
877
371
1916
1405
65
623
1602
1603
1953
1449
943
946
953
1997
1035
1556
1889
85
1134
1044
1663
1558
1671
1719
732
1255
1772
1268
760
1275
807
1861
373
903
40
758
470
761
481
1541
1061
642
1163
696
1934
638
247
1280
1335
315
1372
1895
1308
1925
927
1960
1958
757
929
484
999
1874
1381
1195
1229
395
1423
158
1489
161
1703
