4
897
341
777
1932
1678
661
150
1817
1050
1947
28
30
370
1571
296
1394
560
108
314
1979
956
1469
1726
1220
326
71
1100
1999
1016
1235
1621
859
1118
864
740
1638
1388
749
1136
1009
1522
1526
1272
1785
120
213
4
1543
521
1553
22
1028
1051
29
1057
41
558
1080
59
572
1376
68
1611
592
1110
1113
93
96
1121
612
110
1139
1141
1657
641
141
1679
1682
1175
1178
1189
1707
173
1712
1201
181
699
195
211
717
718
206
1243
221
734
742
1771
1776
1320
243
1780
768
769
260
773
1802
780
1294
798
799
811
300
1328
320
1354
332
333
1875
913
1685
1261
401
1938
1428
1431
1440
936
938
1965
944
435
436
1472
449
1475
76
970
80
1511
493
1014
1026
1029
12
1039
35
52
1078
1549
1105
87
92
101
107
1143
134
1729
364
148
1187
170
179
180
187
1214
193
205
1244
239
240
1266
1279
261
271
1298
1300
1584
1314
1325
1076
1339
316
322
323
324
345
348
1385
384
390
1429
1446
432
441
442
447
1495
1502
1742
1510
488
495
507
1539
516
525
1562
1578
559
1587
1588
571
1607
1620
603
610
611
619
622
445
627
1654
1668
664
665
1697
1708
115
697
705
710
1753
730
733
1787
1797
1799
781
782
786
1811
1818
1819
820
478
1853
821
832
833
848
863
1891
873
886
893
1921
902
1949
1974
1976
330
964
965
980
1015
17
515
1198
24
63
1108
1114
1551
105
121
1147
131
174
1221
199
1249
1283
267
1305
302
1245
1349
368
375
377
1407
393
407
1442
420
423
430
459
1494
474
491
25
1518
1527
504
523
527
543
1583
1585
1589
566
1597
1600
596
598
1623
1625
1626
604
607
614
274
1649
1650
630
1665
1702
680
682
683
703
707
1737
1741
1761
754
1794
788
1813
1820
1822
802
1827
808
1834
1869
1877
856
1885
866
868
1909
888
1948
931
933
1959
940
962
983
1531
1159
1194
1037
1064
1070
352
114
1173
1182
194
207
1250
1254
1287
266
288
331
344
1766
378
396
403
935
1474
453
1478
462
1513
501
1532
587
1640
617
1648
636
643
1687
674
1725
712
1756
1627
1826
822
1859
880
1944
1054
1963
1984
961
770
1993
702
7
1033
48
61
1151
229
1289
365
1089
410
763
1792
1568
1572
644
645
650
653
695
1720
1721
715
1747
750
1796
1808
1847
839
846
1677
1881
486
1906
1985
1986
973
1998
103
146
168
293
1487
1609
1647
675
729
1765
1942
1972
1991
1157
1234
294
416
677
1845
6
1200
581
1317
813
1334
1443
