3
3969
7556
5206
4491
5388
1178
572
1821
6942
5279
418
4260
839
945
5171
7224
3388
2114
1863
2890
5712
3281
1622
3544
5860
7514
2014
1122
7395
6500
5349
6332
1147
5630
4865
3
2567
4305
2571
4877
4371
5908
4399
1820
2848
6950
4905
5895
5679
305
3634
2617
6205
3648
1864
6191
2231
3661
2872
7260
1887
7355
7313
5490
2676
4982
1655
3971
1416
2192
1937
2500
1519
161
5427
7853
7600
2999
7608
443
5567
6592
7364
4726
3208
6857
3655
6351
2351
5082
4792
6109
7910
3815
5871
2546
4219
7930
7167
4617
5130
20
6170
2084
6198
1462
7096
7765
87
2138
2662
2150
4200
4719
3710
6272
4738
6790
279
5263
1693
6427
3752
7642
2229
4212
5307
7868
2757
7878
6344
7133
7372
726
3801
7401
2805
5884
766
4053
2816
2817
267
2327
1313
5424
4406
3386
880
6980
844
5453
1873
5970
2900
7003
60
5486
6000
371
1917
6023
7561
3978
408
3995
4510
116
1956
6568
6471
1786
433
1974
955
4938
448
1474
966
7626
5579
5488
469
6614
2128
2534
7143
3049
3579
6140
3099
1053
6177
5159
6190
3124
5177
6203
3134
7239
3144
3145
3148
3157
2140
115
6261
6263
2068
7299
2183
6295
6312
1740
202
1264
6386
7438
1306
562
361
2432
1411
6539
4506
3484
4519
7599
5557
928
3526
6599
1489
7077
1506
1525
7682
6659
7687
7719
1586
7758
1618
3668
1628
6759
2666
5749
632
5764
7821
3736
6596
1691
7838
684
3768
1728
4385
6859
716
7892
733
765
7943
4874
791
2694
7976
3888
5585
7475
838
1870
3919
7013
872
873
6126
7071
4000
2981
2987
5789
5041
1971
4028
7106
7329
5081
996
3051
5102
1007
6128
1704
5106
1011
5115
1024
1048
1055
5164
48
7691
7263
4201
366
4254
7335
1195
177
3250
6324
208
6315
7384
1241
222
226
4326
1263
7416
2772
2031
4352
5428
325
5449
7503
2387
1371
351
5478
4481
5516
5518
7919
6560
7240
2498
2515
6615
1500
5200
5619
1551
7698
1893
1564
1114
5664
548
7724
2616
4666
4534
1608
585
7757
6587
5747
3860
2703
2719
1696
674
3755
7199
5819
708
5856
1771
3837
5896
631
4893
7967
6448
810
1834
769
4911
7993
6971
3900
4931
3912
7005
827
2193
2927
4793
4224
2956
6467
5015
1951
2977
942
5180
4020
1973
7669
964
1993
6954
3030
4056
6113
4074
5110
2105
2111
6245
6250
2203
6303
6333
2241
4294
33
4328
2303
6403
385
6459
6465
6201
2408
2427
6537
2494
4545
2531
2555
2597
2623
6738
2663
6768
4723
2698
662
4762
4815
2776
6902
773
6923
2861
853
857
4974
893
4996
938
954
3029
168
7163
7171
3080
1080
5181
1103
5217
3172
1126
7017
5283
7151
3253
1249
3301
1268
7428
7441
6019
7445
1322
3413
1366
7517
7553
3475
5560
7620
1484
5582
7649
1510
5618
5620
7675
5648
3601
5681
3671
1759
5730
5731
3691
5766
2443
3807
3825
3832
5887
7971
1829
5947
7904
1856
3911
6006
6018
3986
2006
4060
4062
339
4
6169
4152
6221
2156
111
2179
6278
4243
4262
4288
2249
205
6369
307
4439
4446
388
2457
2470
2476
4550
4553
4580
494
6641
4625
4662
2626
590
2644
104
626
4733
6804
696
6855
4826
6875
570
754
760
785
4889
4892
6959
819
2880
2888
2532
4241
7027
891
7048
5009
7068
3226
963
969
164
1050
1079
5185
3255
7256
5231
1150
3205
4949
5277
198
882
7345
5303
3957
5331
3290
3289
5401
5416
5439
5448
7499
5452
3421
5471
7567
5532
1442
5559
3557
3565
3596
5658
5659
3631
5680
4690
2167
7692
3717
7822
3728
5796
4041
6774
5874
5885
1790
7952
1668
3871
6449
5934
1562
1886
1888
7484
6005
4047
2009
4064
2037
6185
6189
109
2194
6293
6300
2224
4306
4341
5844
7647
2345
300
2364
2674
464
531
2583
2584
2585
586
634
689
2163
3229
5923
4845
2800
2685
6919
6921
2827
4885
805
935
7091
3008
4548
7108
972
992
5134
1067
4619
5195
2915
1174
1181
3238
5302
2250
5319
6929
1256
7410
7423
7440
2610
3384
7518
7539
1402
5508
5519
3492
5542
7412
5591
5602
3615
7739
7746
7753
1627
623
5809
5838
3797
7894
7897
7902
5872
3840
7941
128
5902
5905
7969
1841
7988
5004
1857
3920
3964
5784
3737
4923
1975
6613
2004
4088
6157
6163
4125
6186
6217
74
120
124
130
6277
165
169
216
2276
728
2335
4384
2378
6482
376
6522
2447
4558
4559
2541
2572
4188
2615
6788
6593
6807
2720
3867
2743
4802
4814
2783
4880
4882
2846
2883
930
5045
7123
2213
5089
3046
3060
7536
1057
5191
7276
5238
3210
7307
3234
1197
5296
5366
3328
1333
6712
5500
5515
3477
5538
5581
7651
1517
7690
5038
1075
1604
1606
5716
5736
1652
7808
3765
7862
1720
5935
5092
3942
3944
7515
70
4259
240
6402
4424
6492
2462
2525
480
6644
2573
5969
6721
6739
2683
653
5078
4217
6970
4939
6992
4952
2951
6638
3782
1044
171
5179
5188
7262
7271
7272
1129
5253
5273
3242
5346
3333
5383
6366
6372
5473
3439
3442
3474
5094
1412
4682
1488
3541
5643
5665
5669
7431
5684
5688
1596
1615
957
3688
1419
3742
2331
925
7865
5839
1746
2991
7932
3932
5997
7225
1969
11
2092
55
6215
2139
6242
4206
195
6364
6868
4356
6419
6485
5399
6497
6519
6563
73
4586
7936
6671
4639
2605
571
4706
2687
4739
6803
2730
2748
4830
6844
6611
6924
2073
6994
7019
7054
6236
500
5076
3052
1016
6035
7177
7203
2909
6336
3039
4631
5299
5324
7370
7439
1319
1337
3398
7506
1251
3417
7534
2280
7541
5494
3461
7569
5531
3538
7718
2917
5392
1639
3692
5761
7820
5777
625
7905
7940
991
1861
815
6081
4040
1994
6093
2024
4113
4185
4198
170
493
4629
594
789
4807
4852
778
5019
940
5072
1003
2907
5172
3037
1116
5241
1146
1180
5377
1414
1427
5558
6399
1593
5778
4401
6033
1938
4435
2099
2184
2277
2287
6405
2473
2528
2566
2607
6734
2678
2717
7963
2726
6836
3875
6903
2859
6989
7002
7079
7132
7227
3225
7325
7342
3266
7411
3425
7629
7679
7689
7705
7732
3345
3731
7875
3379
3948
4758
4045
63
4202
247
268
2094
4436
4729
4772
5615
743
4896
7660
924
1226
5404
1358
1438
1440
1550
5661
4364
5728
5744
5751
1766
1884
1907
6036
6079
1995
5800
2146
6252
5824
6294
6310
2233
2338
2339
2394
6508
5536
6631
2550
6689
449
6824
5243
2887
7102
7114
3045
7212
7242
7254
3303
7406
7415
3331
7448
7596
7603
3549
3564
3591
7722
3681
3694
3733
7856
7961
3898
3939
52
69
4189
4248
237
317
4440
347
6901
509
520
621
4797
802
807
871
1009
5189
5234
5379
1399
1492
5652
1577
1686
5961
7824
1891
6022
1931
1961
2083
2278
6397
6525
2430
6550
2475
6674
6675
2628
2645
6769
2716
2830
6940
7008
2962
3089
3117
3184
3945
3228
3275
7459
7466
3374
3378
3494
7598
3514
7615
3531
3537
7680
7726
7728
7741
1760
7825
1308
3756
3921
175
4277
4423
4437
348
4523
4754
672
4777
4922
4944
852
968
1017
1112
1148
5292
1202
5353
5592
5636
5693
1636
1663
1785
6030
1945
1962
1996
6231
2142
2186
6283
6304
2238
6414
2323
6432
2484
6584
6710
2648
2744
3502
2802
6938
5960
7153
7176
7312
7490
7597
3595
3635
6668
7744
7788
3697
7837
5409
3908
3909
3931
4071
25
4282
4324
4368
4390
297
306
392
422
4767
683
5046
5160
5221
1143
5264
1186
5308
1252
5355
1413
1424
1464
5595
1530
1699
5826
1773
6002
2016
2040
6138
2116
2361
2410
6545
6588
2721
2724
3075
6890
6925
2838
6949
2950
3010
7181
7223
6669
3153
7255
2579
1906
7877
3917
3918
4014
4106
4120
4287
4362
4427
354
527
909
1522
979
1018
1029
1109
886
1246
1294
1403
5566
1558
5837
1422
1855
5993
6073
2386
1713
2160
6298
5835
2360
2392
2452
6574
6606
6612
2604
5222
6843
2762
2893
2924
7104
7180
3270
3324
4658
3433
7399
7558
3536
7842
3754
3788
7964
173
174
4351
329
515
598
4841
755
4866
849
5085
5097
1124
1243
1321
5629
1603
1631
5729
5965
2270
2491
3350
1332
3581
1034
6089
3937
3954
45
77
117
4818
7020
1637
1929
6086
6152
2198
6299
2274
2316
6435
6687
5855
2548
7390
7398
3372
7504
3419
6719
7583
2638
3625
3647
3676
4810
5472
