1
1888
1092
517
456
590
591
981
343
1989
1435
1413
672
1315
292
1445
934
1260
1711
1008
561
1790
1848
1375
444
126
256
1
1793
268
277
1821
1825
295
44
1326
989
308
1333
825
1082
1988
829
1342
1856
1348
950
842
334
312
338
600
98
1123
104
876
1901
1910
1911
124
1927
1929
651
142
1174
155
1447
427
1196
685
693
1718
1207
1226
704
1952
452
457
714
887
1740
974
977
1491
468
476
1757
1248
228
1515
1006
1521
244
1150
460
1662
1536
518
1547
1554
21
1047
537
1564
1053
1056
38
42
1970
50
565
54
1592
1083
1599
582
585
86
1722
1120
18
928
116
123
1149
109
1049
1180
1185
1188
1701
1704
1193
171
698
706
202
203
1230
1743
1744
731
223
1762
227
230
1257
125
1779
246
251
1278
1296
805
1831
1833
1476
1841
1843
828
834
654
143
350
354
356
357
875
1341
882
1907
385
814
1926
663
915
1309
1941
1430
1950
930
428
1361
1292
434
1973
918
1269
1473
966
1482
971
1490
471
985
987
993
1508
422
337
1010
499
169
219
8
13
14
1055
1060
1065
60
1094
1104
1146
1172
1208
1224
1242
241
1274
283
310
339
346
349
1084
1767
1403
917
387
797
236
1425
409
425
1456
1457
1466
450
465
1614
1506
532
551
569
1601
586
1628
618
1656
634
1659
1681
1709
1481
700
1750
1758
743
1770
753
774
1801
812
852
1879
1884
870
872
1852
1898
1913
1914
1919
1922
922
941
949
1978
1866
958
982
1001
1362
9
1079
1086
1129
1132
117
118
147
1186
1199
1213
889
220
262
1288
1291
908
1380
1386
1415
404
405
413
411
424
1519
498
509
546
564
576
1629
1639
1301
1694
709
1735
433
1773
767
784
879
895
916
1956
1961
1975
955
986
1533
45
82
1181
1263
1276
270
1302
1312
304
1331
224
328
1373
372
1412
1454
1470
1451
573
602
625
628
629
1672
1683
1728
744
745
1795
790
1816
1840
865
968
1020
1103
1115
284
1954
1537
533
1560
562
1492
860
1887
1892
1582
