0
2
3
2055
1033
2060
13
2062
1603
2051
1045
2070
1047
2072
2075
1053
2082
2084
2085
1063
1066
1031
1068
1069
46
51
52
53
54
1843
58
61
1086
1089
67
1093
72
1098
78
1037
81
1108
87
1112
95
96
100
1132
111
1137
114
115
1142
119
122
1215
127
1152
1216
1387
1046
1168
145
146
1173
153
1178
1179
166
1201
181
1206
187
191
192
195
202
204
205
208
1233
1236
213
214
1241
220
221
1061
224
1249
1253
230
231
242
1268
245
1271
1275
252
1237
259
260
263
1288
1293
270
1923
1300
279
1304
1305
1306
288
1316
1319
1321
1245
1075
308
310
312
1588
1340
319
327
329
331
1102
1360
338
339
1364
342
1593
349
1374
351
1383
360
362
363
364
1389
1394
1395
1396
1398
375
1400
377
1402
379
383
1946
1418
1431
1420
399
402
1427
1429
406
407
409
1437
414
416
1443
1447
424
425
430
1949
1456
1096
436
437
1464
1467
1470
448
449
1477
455
458
1720
1486
1613
1438
1491
468
469
1496
474
1501
479
1508
491
494
1519
1520
1449
504
1279
508
510
1536
1538
515
518
519
520
521
1111
1552
531
1556
1562
539
541
550
552
1579
556
1582
564
567
568
569
1120
578
579
1606
584
1612
589
1615
592
596
1622
601
604
605
1632
610
1635
1637
1638
1641
622
629
1655
1656
2067
1667
1668
645
1679
1682
1684
666
1691
668
669
670
1702
1704
683
684
1139
692
693
1719
696
1722
702
706
707
1733
1736
718
720
722
725
728
732
737
1763
1765
1767
748
1774
1775
1776
754
756
1782
759
1784
762
1788
766
1493
776
779
1804
782
1807
784
1809
789
790
2009
1818
1820
805
806
1831
810
812
1839
817
1331
1847
825
826
1503
832
835
841
1460
845
846
848
849
1875
1877
1879
1880
1883
862
1888
865
867
1892
873
1899
1903
1905
1910
1913
1914
1343
1917
1918
1919
1920
899
1927
904
1929
2005
1931
1934
1935
912
1937
915
916
921
1940
925
1951
929
1958
936
937
1965
944
1970
951
1979
1336
961
1986
1987
965
966
1991
1992
1527
2044
1998
1528
2002
981
985
2011
2015
995
998
2025
2026
2032
1010
1015
2043
1020
1021
1023
0
2053
2074
2083
38
86
91
134
175
190
210
253
274
301
313
315
322
326
405
446
465
488
499
516
573
590
599
602
612
637
657
665
680
755
760
792
796
836
843
920
986
1009
1067
1117
1128
1145
1156
1167
1175
1189
1210
1227
1263
1272
1278
1281
1291
1312
1338
1348
1352
1370
1414
1419
1422
1446
1452
1478
1479
1483
1515
1522
1543
1610
1661
1669
1674
1675
1718
1737
1824
1837
1881
1911
1912
1928
1954
1960
1964
1996
2040
