1
1665
1031
4744
3721
7050
7190
663
1560
155
3841
3487
7713
4258
2886
423
2222
1588
4661
826
699
7562
2878
4544
454
6473
7387
2752
1885
2910
6437
4197
102
5352
2538
6255
3824
1265
1138
2294
2553
5645
2064
1043
7700
7703
6424
6171
1
1065
5639
7725
6963
2618
5435
2620
53
837
7762
7779
142
88
5979
7525
99
5732
3960
6521
6122
4886
3974
1934
148
6552
2201
22
7782
4524
1459
6075
4030
7361
7738
1225
6099
7380
5334
7640
4900
6618
7135
6892
2029
5501
3317
2807
6147
2568
3598
3618
6693
558
559
4656
3259
528
4711
3178
2155
1645
5139
7801
638
2340
5655
6253
6801
1683
6313
2230
2756
5836
729
737
7403
1262
770
3798
7213
5407
3890
3896
320
6468
5910
4959
4455
6204
4972
5485
232
5779
1911
5003
3577
5549
4528
5553
7175
2507
5571
7127
4057
994
7150
2049
5626
4121
4643
6700
51
4895
6214
292
7259
2653
1641
1646
1729
652
7319
539
4775
2731
685
3251
5833
1726
7872
720
3877
3299
2412
1662
2801
1818
47
3370
3887
6027
2188
1876
3926
5976
865
868
6516
6010
6012
3460
1420
7661
2371
7060
3990
411
5031
458
1823
3042
3555
3078
5133
15
7186
3104
1066
1096
2126
6233
112
1140
1160
364
892
1266
5380
5387
1296
1301
7470
6540
352
6503
7530
4500
7593
2526
5611
2542
4606
3593
5724
5737
2067
5229
1701
4789
3773
6881
1777
3828
788
4233
6991
5998
1913
4986
7146
3392
903
927
1965
6066
7097
3002
3005
5061
5068
6097
7126
5107
6146
3110
2097
6199
3130
1092
5199
362
1154
1161
2209
1194
206
230
7408
2313
2314
7464
4487
338
2403
3446
2283
2439
426
3509
3512
2061
7631
6374
5546
6677
7702
1567
2652
6699
5697
6728
6745
4704
7783
4715
2328
6809
7860
3800
4839
5878
4870
1153
6920
825
3899
5948
848
7009
4975
4981
961
4035
3016
4065
6120
5972
2218
2058
1035
5146
4160
3777
2413
1182
2215
1205
294
4463
5495
405
1433
7587
7630
6628
3558
6643
5621
5653
1284
5670
5694
7750
4681
597
2661
1632
4709
396
3707
4734
1113
7279
5792
5820
2308
3784
3810
5879
2811
1798
781
6951
4232
3895
1849
3930
1902
3953
4010
2375
5063
970
3034
2056
4119
4159
6496
5197
7251
4112
1137
150
6322
7354
6518
2271
7209
5704
4033
303
5432
332
6557
453
5663
6789
656
2955
1725
5548
2682
2582
4903
3820
4850
757
3852
5901
4881
1629
1839
1502
4930
4947
854
7004
904
1179
1958
1968
1989
975
5140
3101
1072
6003
5216
2171
1152
7711
154
5147
5288
6827
1315
2356
4834
3811
1025
4501
5523
4527
2482
6665
1457
4195
2675
628
2916
3746
3787
3789
2787
7912
747
5422
3883
1860
1508
864
7025
1933
6918
2963
5054
2023
4130
83
4192
2175
2178
2199
6316
2259
5846
2353
6455
2411
6547
4554
512
4613
6682
4179
6752
4756
6820
828
4244
895
2998
3038
7137
7192
1133
5266
7367
7394
7462
7481
7510
1369
3443
5492
1400
235
1509
5614
1524
5631
1565
3658
5740
1676
5830
1657
1755
3808
5942
1910
4761
5462
30
2081
2093
4150
68
144
149
7540
191
2251
6358
4313
2296
6393
5873
257
2329
693
2433
425
491
6637
4609
2563
4612
4633
4648
4665
2637
2640
602
6794
664
4786
713
4813
3163
6933
4890
6941
4910
6983
2905
884
4990
7100
7136
3058
3061
1020
7204
5169
7228
5225
1184
1189
7336
6008
6350
5338
556
589
3364
3393
1350
7500
3420
5484
4674
5358
7604
1505
7674
1532
3604
7281
3633
1612
1674
5791
7855
7881
1764
5864
3819
7921
1796
7968
3889
3891
1336
1894
4223
1939
4017
4034
4068
2087
4261
6319
2764
2326
4143
322
6513
415
437
6585
6589
6600
2810
6715
593
603
2702
3188
4388
4812
2770
2792
762
4894
2733
4951
2986
5047
7147
648
1203
3166
3218
5267
1221
3622
6361
7729
5000
7474
5461
3493
3185
3513
1486
7637
1536
7775
3666
1682
5802
3796
3831
1845
1889
6004
3054
6084
4090
4107
4134
6211
6239
4225
6282
2195
192
6373
2289
242
256
4405
2358
4493
6543
4505
2118
442
6625
522
525
5893
6707
566
2692
7619
661
671
777
840
4919
846
5262
876
2882
5062
1019
7191
3096
3894
7216
1074
7220
2833
5213
6672
1132
1166
3236
5289
2223
3282
7396
3395
1363
5464
1394
3447
3449
3310
3600
1582
3641
7759
5723
5733
3690
7101
5746
5738
3719
283
7854
3762
5817
5840
7901
1797
1809
5959
5968
1877
3845
4029
2113
4080
4102
6200
75
5143
190
1056
2245
6349
4312
6866
2288
4354
358
4461
380
2431
4513
2481
4557
1445
482
483
2580
543
7946
97
6767
4208
4778
724
4831
2799
3436
5894
6291
896
6509
7086
5073
7184
1545
3143
3199
5259
5294
1222
3313
5386
1305
3361
1351
3405
3408
1392
3467
3489
5573
3528
1481
1497
3663
5609
7662
5627
7717
5903
7816
7891
5898
2856
1808
4425
3879
5932
650
6014
1559
6072
4052
5113
6134
6149
2062
5127
4256
204
6375
4335
4365
1073
6461
318
6478
346
6530
2441
6583
3508
4620
529
4641
2600
4683
4694
7274
2754
6893
4847
6273
4902
4907
2870
4921
2941
4245
2949
5939
959
978
3032
3071
3072
1027
1878
1070
7226
2911
6281
3136
3583
7287
534
3245
7348
3276
5343
3325
5384
1307
3357
5417
7485
5456
3441
3476
3485
5708
3501
5565
7622
4344
7639
5605
4691
5682
5685
3653
3665
3677
7777
1303
7859
289
1736
5753
3806
2650
127
7928
7929
1795
2038
5990
7991
6063
1984
5050
4059
2522
2027
613
188
7542
4308
244
4366
4393
353
389
4498
4569
611
4713
666
4770
4821
768
4920
875
5007
937
1001
5118
5136
5156
1071
5192
5223
1162
1165
1193
1278
4992
2262
1352
1372
1376
5556
1473
1475
1482
1512
1554
1741
5899
5926
7138
7924
6076
6104
2011
6116
6124
6129
6238
2151
6287
1737
2301
2305
6484
2467
6601
2641
6800
2746
6849
2820
6948
4460
6988
2898
1852
7018
7058
7090
4595
2996
7121
7131
7149
7156
3063
3092
3102
4618
7288
3243
3654
7344
3278
3311
7483
3426
3488
3698
3699
3747
3771
3791
3882
3916
2
224
310
54
345
378
4490
496
530
4671
4684
4805
4837
803
4906
4238
5049
5271
1229
1272
1353
5545
1498
1630
1648
5754
5881
1792
6102
2022
6180
2108
6265
2202
6343
2290
6398
6505
2442
1782
2521
2562
6860
6862
2767
2834
7118
7214
4626
3182
7326
7346
7376
7381
7422
7433
3380
3400
3402
3406
3505
3507
7672
3650
3659
7793
3700
7798
7829
3766
3804
3866
7989
3913
4044
1365
4218
4249
308
407
554
612
4742
4798
744
866
5012
5013
4960
5230
5311
1223
7035
5421
1407
5575
1552
1574
5711
5803
1775
879
1853
1946
1959
6056
2052
6154
6182
2110
6410
2381
6642
6717
6869
6878
2794
2806
6907
6914
6915
6946
2939
2967
3139
3146
7277
7291
3233
7353
7358
3353
7455
7519
7521
3429
7575
7407
588
3606
7720
3640
3657
2990
7911
3818
6538
3868
2704
1360
4116
4166
4289
6206
412
4644
4653
4899
859
4979
921
5056
5251
5656
1217
5359
5373
5431
1357
1386
5504
5709
1625
1731
1757
5758
1826
1879
5991
2123
2409
2212
6394
2516
6626
6660
6679
2657
1518
2842
1846
4592
3015
1198
3123
7451
3365
7533
7559
3468
7671
3847
3903
3967
4055
4101
4127
4140
185
315
4445
64
4514
4537
701
4846
764
1033
5196
5634
1583
1671
1730
5950
5978
6034
6477
6327
2321
6418
2415
6575
6579
6567
6685
6730
6740
2737
2738
6926
2844
6975
2935
7074
7080
1192
3076
7185
7282
7298
3241
3297
7419
3391
3438
3490
7590
6746
7778
7789
3743
7938
4129
4118
147
163
4298
326
335
410
4509
581
714
4857
4932
920
1004
1094
4286
193
5260
1280
5604
5622
1580
1581
5703
1673
5845
5870
5986
1901
2098
2100
6235
6280
2219
6334
373
6371
2355
6457
6458
6510
2459
2464
4859
6723
6732
6812
2747
6891
7010
7078
5973
6792
3305
4655
4689
3575
7677
7922
3874
6676
7501
4135
93
6863
4347
445
447
4716
4731
6284
5114
4950
5306
5481
5493
1480
1485
5613
1758
5921
5925
5946
6114
6376
2377
397
6636
6835
6906
2923
2953
917
7141
3094
3135
7244
3189
3231
2589
7581
3613
7771
7772
3723
3946
4755
3959
3977
4098
4268
4296
395
552
767
797
4926
842
888
922
5093
5154
5272
5375
1346
1364
5599
1589
1595
5718
5780
1748
5911
1848
1947
6237
1724
4485
6452
3079
2398
6817
2774
3093
7351
7509
7073
7653
7760
7794
3404
4097
17
4242
4378
4417
4443
472
669
4801
706
4867
4878
796
881
5011
5044
5117
5144
1297
1331
1428
5587
1620
1687
1754
5913
2161
2242
6346
7915
6546
2455
6694
6698
6814
6837
2809
5255
6969
2875
7089
7117
3249
7486
3430
7688
7764
3750
3783
7942
3857
7972
7502
157
288
4407
4453
462
4607
551
4649
4675
639
5576
4825
847
5025
3578
172
5219
5444
1539
1708
5823
1954
2560
2673
2884
2947
3107
3187
3288
3342
3358
3401
3456
7571
7706
3651
3745
3751
7863
3794
6781
3848
7954
3901
3906
3022
4333
4823
932
4936
1010
2225
7055
7215
7303
3263
3454
5057
2479
